[[0.4053477928657103,0.4053477928657103,0],
[0.4053477928657103,0.4053477928657103,0],
[0.32427823429256825,0,0],
[0,0,0],
[0,0,0],
[-0.4864173514388524,0,0],
[-0.4864173514388524,0.5674869100119945,0],
[-0.4864173514388524,0.5674869100119945,0],
[-0.4864173514388524,0.5674869100119945,0],
[-0.4864173514388524,0.8917651443045627,0],
[-0.16213911714628412,1.2484712020263877,0],
[0.4053477928657103,1.5403216128896993,0],
[0.4053477928657103,1.5403216128896993,0],
[0.9728347028777048,1.2484712020263877,0],
[1.297112937170273,0.8917651443045627,0],
[1.297112937170273,0.5674869100119945,0],
[1.297112937170273,0.5674869100119945,0],
[1.297112937170273,0.5674869100119945,0],
[1.297112937170273,0,0],
[0.8106955857314206,0,0],
[0.8106955857314206,0,0],
[0.5674869100119945,0,0],
[0.4053477928657103,0.4053477928657103,0],
[0.4053477928657103,0.4053477928657103,0]]
